Austin,Cedar Park,Georgetown,Hutto,Kyle,Leander,Manor,Pflugerville,Round Rock,San Marcos
Austin,1,21,28,28,22,27,15,17,19,32
Cedar Park,21,1,22,24,41,6,24,15,15,51
Georgetown,28,22,1,10,44,20,27,16,10,57
Hutto,28,24,10,1,46,20,25,10,9,64
Kyle,22,41,44,46,1,48,28,38,40,21
Leander,27,6,20,20,48,1,38,22,18,58
Manor,15,24,27,25,28,38,1,10,18,40
Pflugerville,17,15,16,10,38,22,10,1,7,48
Round Rock,19,15,10,9,40,18,18,7,1,55
San Marcos,32,51,57,64,21,58,40,48,55,1